1 0.0056347266286
2 0.00785033047914
3 0.013207031572
4 0.0239962729935
5 0.0447527529999
6 0.0829417909227
7 0.14714177169
8 0.240842029785
9 0.356549250357
10 0.476758705541
11 0.58035012051
12 0.649031815432
13 0.671133205874
14 0.643014485249
15 0.56932680329
16 0.462659495303
17 0.341903756872
18 0.228111664101
19 0.137845130105
20 0.0771551616043
21 0.04154072834
22 0.0223145987843
23 0.0123541402784
24 0.00744925527935
25 0.00550932078025
26 0.00572785017803
27 0.0081947508593
28 0.0139414308465
29 0.025427286905
30 0.0474466380522
31 0.0877131035356
32 0.154660247659
33 0.250950719099
34 0.368022396554
35 0.487740927621
36 0.589012410815
37 0.654036458092
38 0.671833208618
39 0.639490459283
40 0.562359837157
41 0.453638571161
42 0.332576963004
43 0.220111286043
44 0.132109381892
45 0.0736554802609
46 0.0396337912361
47 0.0213328028535
48 0.011861678669
49 0.00721193437866
50 0.00541114523229
51 0.00571527796621
52 0.00824880505798
53 0.0140672200965
54 0.0256545217344
55 0.0478353887255
56 0.088348869138
57 0.15561368322
58 0.252220112256
59 0.369526189677
60 0.489365669024
61 0.590665714259
62 0.655672431663
63 0.673446357744
64 0.641089736882
65 0.563937475708
66 0.455147666213
67 0.333931387358
68 0.221216017707
69 0.132911608774
70 0.0741776830434
71 0.0399505275282
72 0.0215178452568
73 0.0119617577987
74 0.00724723596035
75 0.00537982500226
76 0.00559111848211
77 0.00796709435158
78 0.0134913715596
79 0.0245127380356
80 0.0456364894343
81 0.0843913402833
82 0.149332140747
83 0.243788187642
84 0.360075385824
85 0.480603097068
86 0.584293220333
87 0.652961361654
88 0.675033829585
89 0.646907409643
90 0.573194381743
91 0.466388446519
92 0.345280789084
93 0.230893609238
94 0.139884716987
95 0.0784914312489
96 0.0423526634489
97 0.0227890010709
98 0.012612839
99 0.00754730262277
100 0.00544698728243
