1 0.722632376176
2 0.655811903547
3 0.536376400751
4 0.390160273019
5 0.248273967728
6 0.136790260919
7 0.0662607317639
8 0.0297001356122
9 0.0131726472324
10 0.00643015171518
11 0.00455860484709
12 0.00614795261861
13 0.0124134323822
14 0.028014946319
15 0.0630282889186
16 0.131906184142
17 0.243119996336
18 0.387550383638
19 0.539610306219
20 0.667716297544
21 0.744916406278
22 0.755438694719
23 0.697315561336
24 0.582561502056
25 0.435225681726
26 0.286114019436
27 0.163392628112
28 0.0816742534331
29 0.0373081418827
30 0.0165389103125
31 0.00757874938952
32 0.004145483904
33 0.00372013681904
34 0.00598761940047
35 0.0126206672877
36 0.028451485049
37 0.0636195173726
38 0.132764045417
39 0.244971105336
40 0.392107481083
41 0.549559354307
42 0.686352960807
43 0.775492355828
44 0.800186605916
45 0.75618694101
46 0.652028212791
47 0.507919387461
48 0.352268083966
49 0.214392754372
50 0.11428525246
51 0.0549134935494
52 0.0251243441527
53 0.0115057553727
54 0.00553717975875
55 0.00317062599946
56 0.00282006205811
57 0.00425547242591
58 0.00843144780334
59 0.0181866790226
60 0.039968729607
61 0.0855349450548
62 0.168480271332
63 0.292751715742
64 0.444788095929
65 0.597704555629
66 0.72149023832
67 0.791873435262
68 0.795270485915
69 0.730678580426
70 0.609981043786
71 0.456659313012
72 0.301297494918
73 0.172627631851
74 0.086323525306
75 0.0392965139476
76 0.0173248600269
77 0.00787262371301
78 0.00421312167414
79 0.00362854272302
80 0.00568972109728
81 0.01192514868
82 0.0268757122981
83 0.0601667206036
84 0.12602651875
85 0.233899608324
86 0.376509610908
87 0.529652271067
88 0.661953170796
89 0.745582251412
90 0.763236897756
91 0.711214678094
92 0.599993646748
93 0.452729386793
94 0.300431629796
95 0.172736397442
96 0.0863984546591
97 0.0391769353691
98 0.0171674830436
99 0.00783324617463
100 0.00445187551906
