1 0.428086148374
2 0.428063769515
3 0.428036480107
4 0.428003217793
5 0.42796401565
6 0.427918895887
7 0.427867889977
8 0.427811038509
9 0.427748390963
10 0.427680005464
11 0.427605948534
12 0.427526294821
13 0.427441126824
14 0.427350534602
15 0.427254615477
16 0.427153473722
17 0.427047220253
18 0.426935972301
19 0.42681985304
20 0.426698980665
21 0.426573997054
22 0.426437437435
23 0.426296950284
24 0.426152182653
25 0.426003305469
26 0.425850482275
27 0.425693879816
28 0.425533667726
29 0.425370018167
30 0.425203105467
31 0.425033105767
32 0.424860196665
33 0.424684556877
34 0.424506365887
35 0.424325803615
36 0.424143050086
37 0.423958285108
38 0.42377168794
39 0.423583437128
40 0.423393731511
41 0.423201874867
42 0.423019046045
43 0.422834585446
44 0.422649531666
45 0.422464023429
46 0.42227821907
47 0.422092274115
48 0.421906340914
49 0.421720568443
50 0.421535102112
51 0.421350083581
52 0.421165650578
53 0.420981936738
54 0.420799071438
55 0.420617179654
56 0.420436381813
57 0.420256793664
58 0.420078526098
59 0.419901685768
60 0.419726448973
61 0.419550396049
62 0.419399454806
63 0.419248370343
64 0.419099751284
65 0.418953593941
66 0.418809968408
67 0.418668940807
68 0.418530572411
69 0.418394919724
70 0.418262034514
71 0.41813196384
72 0.418004750089
73 0.417880431021
74 0.417759039816
75 0.417640605126
76 0.417525151137
77 0.417412697622
78 0.417303259836
79 0.417196851109
80 0.417093624684
81 0.416989700761
82 0.416915921658
83 0.41684218262
84 0.416772420936
85 0.416706499873
86 0.416644436339
87 0.416586250461
88 0.416531962856
89 0.416481595412
90 0.416435171933
91 0.416392718831
92 0.416354265912
93 0.416319847255
94 0.416289502209
95 0.416263276522
96 0.416241223637
97 0.416223406172
98 0.416209897633
99 0.416200784399
100 0.416196168042
