1 4.03611264886e-38
2 4.7140640088e-37
3 5.81222605109e-36
4 7.02512029391e-35
5 8.31660787866e-34
6 9.63895434174e-33
7 1.09322151915e-31
8 1.21276270619e-30
9 1.31528165252e-29
10 1.39384090854e-28
11 1.44253102481e-27
12 1.45716811835e-26
13 1.43585305276e-25
14 1.37929409766e-24
15 1.29082540002e-23
16 1.17610076494e-22
17 1.04249737944e-21
18 8.98315573921e-21
19 7.51896815068e-20
20 6.10794303904e-19
21 4.81115908566e-18
22 3.6712140661e-17
23 2.71104522581e-16
24 1.93537406074e-15
25 1.33412895479e-14
26 8.86963486513e-14
27 5.67966009358e-13
28 3.49816943488e-12
29 2.06923484776e-11
30 1.17362200777e-10
31 6.37147995891e-10
32 3.30467595334e-09
33 1.63421205989e-08
34 7.68806158967e-08
35 3.4324660432e-07
36 1.45054782613e-06
37 5.78550059306e-06
38 2.1709858561e-05
39 7.63776204402e-05
40 0.000250956738477
41 0.000766852356616
42 0.00216904320082
43 0.00564963403788
44 0.0134739520085
45 0.0292408296473
46 0.0573571229582
47 0.100973096595
48 0.158380754298
49 0.219818138218
50 0.268344873359
51 0.286937964997
52 0.268344873359
53 0.219818138218
54 0.158380754298
55 0.100973096595
56 0.0573571229582
57 0.0292408296473
58 0.0134739520085
59 0.00564963403788
60 0.00216904320082
61 0.000766852356617
62 0.000250956738477
63 7.63776204402e-05
64 2.1709858561e-05
65 5.78550059306e-06
66 1.45054782613e-06
67 3.4324660432e-07
68 7.68806158967e-08
69 1.63421205988e-08
70 3.30467595334e-09
71 6.37147995891e-10
72 1.17362200777e-10
73 2.06923484776e-11
74 3.49816943488e-12
75 5.67966009359e-13
76 8.86963486513e-14
77 1.33412895479e-14
78 1.93537406074e-15
79 2.71104522581e-16
80 3.6712140661e-17
81 4.81115908566e-18
82 6.10794303904e-19
83 7.51896815068e-20
84 8.98315573921e-21
85 1.04249737944e-21
86 1.17610076494e-22
87 1.29082540002e-23
88 1.37929409766e-24
89 1.43585305276e-25
90 1.45716811835e-26
91 1.44253102481e-27
92 1.39384090854e-28
93 1.31528165252e-29
94 1.21276270619e-30
95 1.09322151915e-31
96 9.63895434296e-33
97 8.3166080451e-34
98 7.02514247619e-35
99 5.81512715443e-36
100 5.08626635607e-37
