1 0.0813872208714
2 0.0936887703422
3 0.120345981531
4 0.164131709918
5 0.225928205642
6 0.302182334794
7 0.384460067221
8 0.461398500525
9 0.5216715458
10 0.556428621647
11 0.560697907181
12 0.53394191033
13 0.480097579291
14 0.407142421454
15 0.32592588856
16 0.247995169505
17 0.1826998106
18 0.134888181728
19 0.104704411931
20 0.0897382001031
21 0.0877637958881
22 0.0984184020097
23 0.123496367256
24 0.165881107335
25 0.227115882508
26 0.304705704022
27 0.391194468815
28 0.475733435133
29 0.546886062946
30 0.595116045605
31 0.614236664656
32 0.601981871543
33 0.560108210619
34 0.494257704122
35 0.413433855557
36 0.328720484403
37 0.251034651189
38 0.188430563365
39 0.144363793415
40 0.118189914914
41 0.107581866851
42 0.111012487087
43 0.128981729559
44 0.163747406385
45 0.217583515636
46 0.290129981499
47 0.376528636908
48 0.467822752673
49 0.553143607581
50 0.622255573333
51 0.66728483729
52 0.683471243577
53 0.66930634342
54 0.626491027112
55 0.559889637447
56 0.477326247286
57 0.388823817486
58 0.304960014842
59 0.234501425788
60 0.182407492387
61 0.149485419045
62 0.134121562682
63 0.134742594648
64 0.151383533843
65 0.185684403906
66 0.239335425238
67 0.311669916858
68 0.39799234435
69 0.489924807213
70 0.577342048815
71 0.650633745855
72 0.702230032568
73 0.727223359135
74 0.723415578397
75 0.691222189158
76 0.633675291158
77 0.556487313493
78 0.467868014996
79 0.37767846833
80 0.295666511844
81 0.229280572608
82 0.182090231039
83 0.154076848918
84 0.143626845962
85 0.149736265704
86 0.173036150761
87 0.215166959287
88 0.276765919318
89 0.355240207024
90 0.443960019194
91 0.533458054092
92 0.613599505632
93 0.675556298781
94 0.712895799201
95 0.721920224305
96 0.701658360837
97 0.653861938826
98 0.583098146161
99 0.496734689648
100 0.40438840079
101 0.316463237942
102 0.241850126865
103 0.185809884295
104 0.149367546564
105 0.130862916959
106 0.128455181563
107 0.141868568174
108 0.1725644024
109 0.222271388631
110 0.290469514758
111 0.3724446941
112 0.459436605401
113 0.540615329113
114 0.605573617384
115 0.64615051831
116 0.657347609272
117 0.637638570184
118 0.589058909333
119 0.517202058427
120 0.430892294594
121 0.341091872321
122 0.258764506323
123 0.192148222324
124 0.144860390263
125 0.116240605737
126 0.10377043786
127 0.105661373426
128 0.12211807628
129 0.15496947462
130 0.205765863125
131 0.273091835666
132 0.350918791175
133 0.42933686775
134 0.496993181023
135 0.543780670401
136 0.56272008068
137 0.550925079564
138 0.509928489744
139 0.445562832664
140 0.367258797803
141 0.286434805561
142 0.21390086894
143 0.157063879709
144 0.118486274269
145 0.0969497392467
146 0.0901626818207
147 0.0970408393736
148 0.118437458595
149 0.156214903342
150 0.210919338466
151 0.279285213679
152 0.353497590079
153 0.422789861434
154 0.476237463682
155 0.505274537993
